[?25l[0m [38;2;0;0;0m                                   [0m
 [38;2;0;0;0m                                   [0m
 [38;2;0;0;0m                                   [0m
 [38;2;0;0;0m                                   [0m
 [38;2;0;0;0m        [38;2;202;202;202m▗[38;2;232;232;232m▄▄▄▄▄▄▄▄▄▄▄▄▄▄[38;2;231;230;230m▄[38;2;200;167;134m▄[0m [38;2;37;30;26m         [0m
 [38;2;0;0;0m      [38;2;154;154;154m▗[7m[38;2;229;229;229m▘[0m[38;2;43;43;43;48;2;255;255;255m            [38;2;255;255;255;48;2;254;254;254m╴[38;2;244;179;109;48;2;254;252;251m▂[38;2;245;152;42;48;2;251;241;230m▄[38;2;156;93;15;48;2;246;164;68m▗[0m[38;2;179;106;18m▘          [0m
 [38;2;0;0;0m     [0m [7m[38;2;240;240;240m▃[0m[38;2;157;157;157;48;2;253;253;253m▁[48;2;255;255;255m          [38;2;244;190;133;48;2;254;253;253m▂[38;2;245;155;50;48;2;252;245;238m▄[38;2;246;148;30;48;2;246;209;173m▆[48;2;247;147;26m [0m[7m[38;2;246;146;25m▗[0m[38;2;132;78;13m▘           [0m
 [38;2;0;0;0m       [0m [7m[38;2;231;231;231m▆[38;2;233;233;233m▃[38;2;248;248;248m▁[0m[38;2;109;109;109;48;2;255;255;255m    [38;2;244;182;115;48;2;253;249;246m▁[38;2;245;160;61;48;2;253;248;245m▄[38;2;246;149;33;48;2;247;220;195m▆[38;2;247;147;26;48;2;246;147;26m╴[48;2;247;147;26m  [0m[7m[38;2;239;142;25m▗[0m [38;2;10;6;1m            [0m
 [38;2;0;0;0m          [0m [7m[38;2;203;203;203m▆[38;2;244;244;244m▄[0m[38;2;243;150;41;48;2;252;242;232m▃[38;2;246;151;38;48;2;249;230;213m▆[38;2;247;147;26;48;2;246;147;28m╴[48;2;247;147;26m    [0m[7m[38;2;224;133;23m▗[0m [38;2;0;0;0m             [0m
 [38;2;0;0;0m           [0m [7m[38;2;229;136;23m▘[0m[38;2;36;21;3;48;2;247;147;26m      [0m[7m[38;2;200;119;20m▗[0m [38;2;0;0;0m              [0m
 [38;2;0;0;0m          [0m [7m[38;2;241;143;25m▘[0m[38;2;72;43;7;48;2;247;147;26m     [38;2;247;147;26;48;2;246;146;25m╴[0m[7m[38;2;168;100;17m▗[0m[38;2;0;0;0m                [0m
 [38;2;0;0;0m         [38;2;146;87;14m▗[38;2;120;71;12;48;2;246;146;25m▘[48;2;247;147;26m    [38;2;243;172;93;48;2;246;147;26m▁[38;2;250;232;216;48;2;246;150;35m▃[38;2;176;142;102;48;2;251;224;193m▝[0m[38;2;223;223;223m▄[38;2;144;144;144m▂               [0m
 [38;2;0;0;0m        [38;2;190;113;19m▗[38;2;237;141;24;48;2;161;96;16m▇[48;2;247;147;26m  [38;2;247;147;26;48;2;246;148;31m╴[38;2;249;225;202m▃[38;2;253;247;242;48;2;245;159;60m▅[38;2;254;253;253;48;2;246;211;178m▇[48;2;255;255;255m   [38;2;255;255;255;48;2;254;254;254m╴[0m[38;2;251;251;251m▆[38;2;239;239;239m▄[38;2;187;187;187m▂            [0m
 [38;2;0;0;0m       [38;2;221;132;23m▗[38;2;247;147;26;48;2;236;140;24m╴[48;2;246;147;29m╴[38;2;250;235;222;48;2;246;152;42m▂[38;2;252;244;236;48;2;245;154;48m▅[38;2;254;252;251;48;2;245;200;154m▇[48;2;255;255;255m          [0m[38;2;245;245;245m▇[38;2;201;201;201m▅[0m [38;2;13;13;13m [38;2;202;120;21m▃[38;2;238;141;24m▃▃▃[0m [38;2;48;28;5m   [0m
 [38;2;0;0;0m      [38;2;239;143;29m▗[38;2;248;226;205;48;2;241;147;35m▂[38;2;251;240;229;48;2;245;151;39m▅[38;2;253;251;248;48;2;244;189;129m▇[48;2;255;255;255m            [38;2;255;255;255;48;2;249;249;249m╴[0m[7m[38;2;234;234;234m▄[0m [38;2;7;7;7m  [7m[38;2;240;142;25m▏[0m[38;2;0;0;0;48;2;247;147;26m   [0m[38;2;133;79;14m▏   [0m
 [38;2;0;0;0m     [0m [7m[38;2;225;201;176m▄[38;2;232;232;232m▄▄▄▄▄▄▄▄▄▄▄▄▄▄[38;2;230;230;230m▄[0m[38;2;133;133;133m▘    [7m[38;2;190;113;19m▄[38;2;224;133;23m▄▄▄[0m [38;2;60;35;6m   [0m
 [38;2;0;0;0m                                   [0m
 [38;2;0;0;0m                                   [0m
 [38;2;0;0;0m                                   [0m
 [38;2;0;0;0m                                   [0m
[?25h